30 130
15 21
7 17
3 13
20 29
5 10
23 25
5 28
13 17
6 11
24 26
7 19
18 28
3 15
14 15
8 11
12 27
3 24
17 23
4 23
9 28
1 8
1 17
25 27
16 24
2 25
5 14
9 12
3 26
23 29
15 18
16 17
7 14
25 29
2 27
20 26
21 25
4 18
5 25
13 14
8 27
7 16
4 11
22 25
14 21
1 5
19 20
13 16
8 29
7 9
6 22
12 17
3 14
4 13
22 27
21 29
14 23
2 6
19 22
17 25
1 16
0 18
11 18
0 27
4 6
5 13
17 18
10 12
11 29
0 29
25 28
15 20
26 29
5 6
18 25
3 18
4 17
1 11
17 29
19 26
10 23
5 27
0 22
15 22
6 19
6 28
7 27
4 19
4 28
1 4
0 6
8 19
1 13
0 15
2 12
5 29
19 28
8 28
6 12
13 27
3 4
7 20
12 16
18 29
21 28
4 12
2 14
11 26
2 23
15 17
13 29
6 23
18 22
4 14
8 14
0 10
2 7
5 24
16 18
7 24
4 7
4 16
20 27
5 8
0 3
9 15
14 29
11 12
19 25
11 21
6 9
